<?xml version="1.0"?>
<opencv_storage>
<intrinsic type_id="opencv-matrix">
  <rows>3</rows>
  <cols>3</cols>
  <dt>d</dt>
  <data>
    5.4431928890594259e+02 0. 3.2474050817917981e+02 0.
    5.3400627558648625e+02 1.9194168153196210e+02 0. 0. 1.</data></intrinsic>
<distortion type_id="opencv-matrix">
  <rows>1</rows>
  <cols>5</cols>
  <dt>d</dt>
  <data>
    -4.5315557188295702e-01 5.5410413399330916e-01
    -1.1585687559344117e-02 -2.3531866523721693e-02
    -4.0816733555069118e-01</data></distortion>
</opencv_storage>
